Addr.    Binary          Hex    Decimal
0    1001010111000010    95C2    38338
1    0000001000000001    0201    513
2    1010111110000000    AF80    44928
3    1010111110000001    AF81    44929
4    1010100000000000    A800    43008
5    1010100000000001    A801    43009
6    1001000000000011    9003    36867
7    0001000001000011    1043    4163
8    1001000011010010    90D2    37074
9    1000000001110111    8077    32887
10    0000000111110101    01F5    501
11    1011010011111001    B4F9    46329
12    1010111110000001    AF81    44929
13    1000000000110111    8037    32823
14    0000000111110001    01F1    497
15    1011010011110100    B4F4    46324
16    1100100000000000    C800    51200
17    0000000000000000    0000    0
18    0000000000000000    0000    0
19    0000000000000000    0000    0
20    0000000000000000    0000    0
21    0000000000000000    0000    0
22    0000000000000000    0000    0
23    0000000000000000    0000    0
24    0000000000000000    0000    0
25    0000000000000000    0000    0
26    0000000000000000    0000    0
27    0000000000000000    0000    0
28    0000000000000000    0000    0
29    0000000000000000    0000    0
30    0000000000000000    0000    0
31    0000000000000000    0000    0
32    0000000000000000    0000    0
33    0000000000000000    0000    0
34    0000000000000000    0000    0
35    0000000000000000    0000    0
36    0000000000000000    0000    0
37    0000000000000000    0000    0
38    0000000000000000    0000    0
39    0000000000000000    0000    0
40    0000000000000000    0000    0
41    0000000000000000    0000    0
42    0000000000000000    0000    0
43    0000000000000000    0000    0
44    0000000000000000    0000    0
45    0000000000000000    0000    0
46    0000000000000000    0000    0
47    0000000000000000    0000    0
48    0000000000000000    0000    0
49    0000000000000000    0000    0
50    0000000000000000    0000    0
51    0000000000000000    0000    0
52    0000000000000000    0000    0
53    0000000000000000    0000    0
54    0000000000000000    0000    0
55    0000000000000000    0000    0
56    0000000000000000    0000    0
57    0000000000000000    0000    0
58    0000000000000000    0000    0
59    0000000000000000    0000    0
60    0000000000000000    0000    0
61    0000000000000000    0000    0
62    0000000000000000    0000    0
63    0000000000000000    0000    0
64    0000000000000000    0000    0
65    0000000000000000    0000    0
66    0000000000000000    0000    0
67    0000000000000000    0000    0
68    0000000000000000    0000    0
69    0000000000000000    0000    0
70    0000000000000000    0000    0
71    0000000000000000    0000    0
72    0000000000000000    0000    0
73    0000000000000000    0000    0
74    0000000000000000    0000    0
75    0000000000000000    0000    0
76    0000000000000000    0000    0
77    0000000000000000    0000    0
78    0000000000000000    0000    0
79    0000000000000000    0000    0
80    0000000000000000    0000    0
81    0000000000000000    0000    0
82    0000000000000000    0000    0
83    0000000000000000    0000    0
84    0000000000000000    0000    0
85    0000000000000000    0000    0
86    0000000000000000    0000    0
87    0000000000000000    0000    0
88    0000000000000000    0000    0
89    0000000000000000    0000    0
90    0000000000000000    0000    0
91    0000000000000000    0000    0
92    0000000000000000    0000    0
93    0000000000000000    0000    0
94    0000000000000000    0000    0
95    0000000000000000    0000    0
96    0000000000000000    0000    0
97    0000000000000000    0000    0
98    0000000000000000    0000    0
99    0000000000000000    0000    0
100    0000000000000000    0000    0
101    0000000000000000    0000    0
102    0000000000000000    0000    0
103    0000000000000000    0000    0
104    0000000000000000    0000    0
105    0000000000000000    0000    0
106    0000000000000000    0000    0
107    0000000000000000    0000    0
108    0000000000000000    0000    0
109    0000000000000000    0000    0
110    0000000000000000    0000    0
111    0000000000000000    0000    0
112    0000000000000000    0000    0
113    0000000000000000    0000    0
114    0000000000000000    0000    0
115    0000000000000000    0000    0
116    0000000000000000    0000    0
117    0000000000000000    0000    0
118    0000000000000000    0000    0
119    0000000000000000    0000    0
120    0000000000000000    0000    0
121    0000000000000000    0000    0
122    0000000000000000    0000    0
123    0000000000000000    0000    0
124    0000000000000000    0000    0
125    0000000000000000    0000    0
126    0000000000000000    0000    0
127    0000000000000000    0000    0
128    0000000000000000    0000    0
129    0000000000000000    0000    0
130    0000000000000000    0000    0
131    0000000000000000    0000    0
132    0000000000000000    0000    0
133    0000000000000000    0000    0
134    0000000000000000    0000    0
135    0000000000000000    0000    0
136    0000000000000000    0000    0
137    0000000000000000    0000    0
138    0000000000000000    0000    0
139    0000000000000000    0000    0
140    0000000000000000    0000    0
141    0000000000000000    0000    0
142    0000000000000000    0000    0
143    0000000000000000    0000    0
144    0000000000000000    0000    0
145    0000000000000000    0000    0
146    0000000000000000    0000    0
147    0000000000000000    0000    0
148    0000000000000000    0000    0
149    0000000000000000    0000    0
150    0000000000000000    0000    0
151    0000000000000000    0000    0
152    0000000000000000    0000    0
153    0000000000000000    0000    0
154    0000000000000000    0000    0
155    0000000000000000    0000    0
156    0000000000000000    0000    0
157    0000000000000000    0000    0
158    0000000000000000    0000    0
159    0000000000000000    0000    0
160    0000000000000000    0000    0
161    0000000000000000    0000    0
162    0000000000000000    0000    0
163    0000000000000000    0000    0
164    0000000000000000    0000    0
165    0000000000000000    0000    0
166    0000000000000000    0000    0
167    0000000000000000    0000    0
168    0000000000000000    0000    0
169    0000000000000000    0000    0
170    0000000000000000    0000    0
171    0000000000000000    0000    0
172    0000000000000000    0000    0
173    0000000000000000    0000    0
174    0000000000000000    0000    0
175    0000000000000000    0000    0
176    0000000000000000    0000    0
177    0000000000000000    0000    0
178    0000000000000000    0000    0
179    0000000000000000    0000    0
180    0000000000000000    0000    0
181    0000000000000000    0000    0
182    0000000000000000    0000    0
183    0000000000000000    0000    0
184    0000000000000000    0000    0
185    0000000000000000    0000    0
186    0000000000000000    0000    0
187    0000000000000000    0000    0
188    0000000000000000    0000    0
189    0000000000000000    0000    0
190    0000000000000000    0000    0
191    0000000000000000    0000    0
192    0000000000000000    0000    0
193    0000000000000000    0000    0
194    0000000000000000    0000    0
195    0000000000000000    0000    0
196    0000000000000000    0000    0
197    0000000000000000    0000    0
198    0000000000000000    0000    0
199    0000000000000000    0000    0
200    0000000000000000    0000    0
201    0000000000000000    0000    0
202    0000000000000000    0000    0
203    0000000000000000    0000    0
204    0000000000000000    0000    0
205    0000000000000000    0000    0
206    0000000000000000    0000    0
207    0000000000000000    0000    0
208    0000000000000000    0000    0
209    0000000000000000    0000    0
210    0000000000000000    0000    0
211    0000000000000000    0000    0
212    0000000000000000    0000    0
213    0000000000000000    0000    0
214    0000000000000000    0000    0
215    0000000000000000    0000    0
216    0000000000000000    0000    0
217    0000000000000000    0000    0
218    0000000000000000    0000    0
219    0000000000000000    0000    0
220    0000000000000000    0000    0
221    0000000000000000    0000    0
222    0000000000000000    0000    0
223    0000000000000000    0000    0
224    0000000000000000    0000    0
225    0000000000000000    0000    0
226    0000000000000000    0000    0
227    0000000000000000    0000    0
228    0000000000000000    0000    0
229    0000000000000000    0000    0
230    0000000000000000    0000    0
231    0000000000000000    0000    0
232    0000000000000000    0000    0
233    0000000000000000    0000    0
234    0000000000000000    0000    0
235    0000000000000000    0000    0
236    0000000000000000    0000    0
237    0000000000000000    0000    0
238    0000000000000000    0000    0
239    0000000000000000    0000    0
240    0000000000000000    0000    0
241    0000000000000000    0000    0
242    0000000000000000    0000    0
243    0000000000000000    0000    0
244    0000000000000000    0000    0
245    0000000000000000    0000    0
246    0000000000000000    0000    0
247    0000000000000000    0000    0
248    0000000000000000    0000    0
249    0000000000000000    0000    0
250    0000000000000000    0000    0
251    0000000000000000    0000    0
252    0000000000000000    0000    0
253    0000000000000000    0000    0
254    0000000000000000    0000    0
255    0000000000000000    0000    0
256    0000000000000000    0000    0
257    0000000000000000    0000    0
258    0000000000000000    0000    0
259    0000000000000000    0000    0
260    0000000000000000    0000    0
261    0000000000000000    0000    0
262    0000000000000000    0000    0
263    0000000000000000    0000    0
264    0000000000000000    0000    0
265    0000000000000000    0000    0
266    0000000000000000    0000    0
267    0000000000000000    0000    0
268    0000000000000000    0000    0
269    0000000000000000    0000    0
270    0000000000000000    0000    0
271    0000000000000000    0000    0
272    0000000000000000    0000    0
273    0000000000000000    0000    0
274    0000000000000000    0000    0
275    0000000000000000    0000    0
276    0000000000000000    0000    0
277    0000000000000000    0000    0
278    0000000000000000    0000    0
279    0000000000000000    0000    0
280    0000000000000000    0000    0
281    0000000000000000    0000    0
282    0000000000000000    0000    0
283    0000000000000000    0000    0
284    0000000000000000    0000    0
285    0000000000000000    0000    0
286    0000000000000000    0000    0
287    0000000000000000    0000    0
288    0000000000000000    0000    0
289    0000000000000000    0000    0
290    0000000000000000    0000    0
291    0000000000000000    0000    0
292    0000000000000000    0000    0
293    0000000000000000    0000    0
294    0000000000000000    0000    0
295    0000000000000000    0000    0
296    0000000000000000    0000    0
297    0000000000000000    0000    0
298    0000000000000000    0000    0
299    0000000000000000    0000    0
300    0000000000000000    0000    0
301    0000000000000000    0000    0
302    0000000000000000    0000    0
303    0000000000000000    0000    0
304    0000000000000000    0000    0
305    0000000000000000    0000    0
306    0000000000000000    0000    0
307    0000000000000000    0000    0
308    0000000000000000    0000    0
309    0000000000000000    0000    0
310    0000000000000000    0000    0
311    0000000000000000    0000    0
312    0000000000000000    0000    0
313    0000000000000000    0000    0
314    0000000000000000    0000    0
315    0000000000000000    0000    0
316    0000000000000000    0000    0
317    0000000000000000    0000    0
318    0000000000000000    0000    0
319    0000000000000000    0000    0
320    0000000000000000    0000    0
321    0000000000000000    0000    0
322    0000000000000000    0000    0
323    0000000000000000    0000    0
324    0000000000000000    0000    0
325    0000000000000000    0000    0
326    0000000000000000    0000    0
327    0000000000000000    0000    0
328    0000000000000000    0000    0
329    0000000000000000    0000    0
330    0000000000000000    0000    0
331    0000000000000000    0000    0
332    0000000000000000    0000    0
333    0000000000000000    0000    0
334    0000000000000000    0000    0
335    0000000000000000    0000    0
336    0000000000000000    0000    0
337    0000000000000000    0000    0
338    0000000000000000    0000    0
339    0000000000000000    0000    0
340    0000000000000000    0000    0
341    0000000000000000    0000    0
342    0000000000000000    0000    0
343    0000000000000000    0000    0
344    0000000000000000    0000    0
345    0000000000000000    0000    0
346    0000000000000000    0000    0
347    0000000000000000    0000    0
348    0000000000000000    0000    0
349    0000000000000000    0000    0
350    0000000000000000    0000    0
351    0000000000000000    0000    0
352    0000000000000000    0000    0
353    0000000000000000    0000    0
354    0000000000000000    0000    0
355    0000000000000000    0000    0
356    0000000000000000    0000    0
357    0000000000000000    0000    0
358    0000000000000000    0000    0
359    0000000000000000    0000    0
360    0000000000000000    0000    0
361    0000000000000000    0000    0
362    0000000000000000    0000    0
363    0000000000000000    0000    0
364    0000000000000000    0000    0
365    0000000000000000    0000    0
366    0000000000000000    0000    0
367    0000000000000000    0000    0
368    0000000000000000    0000    0
369    0000000000000000    0000    0
370    0000000000000000    0000    0
371    0000000000000000    0000    0
372    0000000000000000    0000    0
373    0000000000000000    0000    0
374    0000000000000000    0000    0
375    0000000000000000    0000    0
376    0000000000000000    0000    0
377    0000000000000000    0000    0
378    0000000000000000    0000    0
379    0000000000000000    0000    0
380    0000000000000000    0000    0
381    0000000000000000    0000    0
382    0000000000000000    0000    0
383    0000000000000000    0000    0
384    0000000000000000    0000    0
385    0000000000000000    0000    0
386    0000000000000000    0000    0
387    0000000000000000    0000    0
388    0000000000000000    0000    0
389    0000000000000000    0000    0
390    0000000000000000    0000    0
391    0000000000000000    0000    0
392    0000000000000000    0000    0
393    0000000000000000    0000    0
394    0000000000000000    0000    0
395    0000000000000000    0000    0
396    0000000000000000    0000    0
397    0000000000000000    0000    0
398    0000000000000000    0000    0
399    0000000000000000    0000    0
400    0000000000000000    0000    0
401    0000000000000000    0000    0
402    0000000000000000    0000    0
403    0000000000000000    0000    0
404    0000000000000000    0000    0
405    0000000000000000    0000    0
406    0000000000000000    0000    0
407    0000000000000000    0000    0
408    0000000000000000    0000    0
409    0000000000000000    0000    0
410    0000000000000000    0000    0
411    0000000000000000    0000    0
412    0000000000000000    0000    0
413    0000000000000000    0000    0
414    0000000000000000    0000    0
415    0000000000000000    0000    0
416    0000000000000000    0000    0
417    0000000000000000    0000    0
418    0000000000000000    0000    0
419    0000000000000000    0000    0
420    0000000000000000    0000    0
421    0000000000000000    0000    0
422    0000000000000000    0000    0
423    0000000000000000    0000    0
424    0000000000000000    0000    0
425    0000000000000000    0000    0
426    0000000000000000    0000    0
427    0000000000000000    0000    0
428    0000000000000000    0000    0
429    0000000000000000    0000    0
430    0000000000000000    0000    0
431    0000000000000000    0000    0
432    0000000000000000    0000    0
433    0000000000000000    0000    0
434    0000000000000000    0000    0
435    0000000000000000    0000    0
436    0000000000000000    0000    0
437    0000000000000000    0000    0
438    0000000000000000    0000    0
439    0000000000000000    0000    0
440    0000000000000000    0000    0
441    0000000000000000    0000    0
442    0000000000000000    0000    0
443    0000000000000000    0000    0
444    0000000000000000    0000    0
445    0000000000000000    0000    0
446    0000000000000000    0000    0
447    0000000000000000    0000    0
448    0000000000000000    0000    0
449    0000000000000000    0000    0
450    0000000000000000    0000    0
451    0000000000000000    0000    0
452    0000000000000000    0000    0
453    0000000000000000    0000    0
454    0000000000000000    0000    0
455    0000000000000000    0000    0
456    0000000000000000    0000    0
457    0000000000000000    0000    0
458    0000000000000000    0000    0
459    0000000000000000    0000    0
460    0000000000000000    0000    0
461    0000000000000000    0000    0
462    0000000000000000    0000    0
463    0000000000000000    0000    0
464    0000000000000000    0000    0
465    0000000000000000    0000    0
466    0000000000000000    0000    0
467    0000000000000000    0000    0
468    0000000000000000    0000    0
469    0000000000000000    0000    0
470    0000000000000000    0000    0
471    0000000000000000    0000    0
472    0000000000000000    0000    0
473    0000000000000000    0000    0
474    0000000000000000    0000    0
475    0000000000000000    0000    0
476    0000000000000000    0000    0
477    0000000000000000    0000    0
478    0000000000000000    0000    0
479    0000000000000000    0000    0
480    0000000000000000    0000    0
481    0000000000000000    0000    0
482    0000000000000000    0000    0
483    0000000000000000    0000    0
484    0000000000000000    0000    0
485    0000000000000000    0000    0
486    0000000000000000    0000    0
487    0000000000000000    0000    0
488    0000000000000000    0000    0
489    0000000000000000    0000    0
490    0000000000000000    0000    0
491    0000000000000000    0000    0
492    0000000000000000    0000    0
493    0000000000000000    0000    0
494    0000000000000000    0000    0
495    0000000000000000    0000    0
496    0000000000000000    0000    0
497    0000000000000000    0000    0
498    0000000000000000    0000    0
499    0000000000000000    0000    0
500    0000000000000000    0000    0
501    0000000000000000    0000    0
502    0000000000000000    0000    0
503    0000000000000000    0000    0
504    0000000000000000    0000    0
505    0000000000000000    0000    0
506    0000000000000000    0000    0
507    0000000000000000    0000    0
508    0000000000000000    0000    0
509    0000000000000000    0000    0
510    0000000000000000    0000    0
511    0000000000000000    0000    0
512    0000000000000110    0006    6
513    0000000000000010    0002    2
514    0000000000000011    0003    3
515    0000000000000100    0004    4
516    0000000000000101    0005    5
517    0000000000000110    0006    6
518    0000000000000111    0007    7
519    0000000000000011    0003    3
520    0000000000000100    0004    4
521    0000000000000101    0005    5
522    0000000000000110    0006    6
523    0000000000000111    0007    7
524    0000000000001000    0008    8
525    0000000000000100    0004    4
526    0000000000000101    0005    5
527    0000000000000110    0006    6
528    0000000000000111    0007    7
529    0000000000001000    0008    8
530    0000000000001001    0009    9
531    0000000000000101    0005    5
532    0000000000000110    0006    6
533    0000000000000111    0007    7
534    0000000000001000    0008    8
535    0000000000001001    0009    9
536    0000000000001010    000A    10
537    0000000000000110    0006    6
538    0000000000000111    0007    7
539    0000000000001000    0008    8
540    0000000000001001    0009    9
541    0000000000001010    000A    10
542    0000000000001011    000B    11
543    0000000000000111    0007    7
544    0000000000001000    0008    8
545    0000000000001001    0009    9
546    0000000000001010    000A    10
547    0000000000001011    000B    11
548    0000000000001100    000C    12
549    0000000000000000    0000    0
550    0000000000000000    0000    0
551    0000000000000000    0000    0
552    0000000000000000    0000    0
553    0000000000000000    0000    0
554    0000000000000000    0000    0
555    0000000000000000    0000    0
556    0000000000000000    0000    0
557    0000000000000000    0000    0
558    0000000000000000    0000    0
559    0000000000000000    0000    0
560    0000000000000000    0000    0
561    0000000000000000    0000    0
562    0000000000000000    0000    0
563    0000000000000000    0000    0
564    0000000000000000    0000    0
565    0000000000000000    0000    0
566    0000000000000000    0000    0
567    0000000000000000    0000    0
568    0000000000000000    0000    0
569    0000000000000000    0000    0
570    0000000000000000    0000    0
571    0000000000000000    0000    0
572    0000000000000000    0000    0
573    0000000000000000    0000    0
574    0000000000000000    0000    0
575    0000000000000000    0000    0
576    0000000000000000    0000    0
577    0000000000000000    0000    0
578    0000000000000000    0000    0
579    0000000000000000    0000    0
580    0000000000000000    0000    0
581    0000000000000000    0000    0
582    0000000000000000    0000    0
583    0000000000000000    0000    0
584    0000000000000000    0000    0
585    0000000000000000    0000    0
586    0000000000000000    0000    0
587    0000000000000000    0000    0
588    0000000000000000    0000    0
589    0000000000000000    0000    0
590    0000000000000000    0000    0
591    0000000000000000    0000    0
592    0000000000000000    0000    0
593    0000000000000000    0000    0
594    0000000000000000    0000    0
595    0000000000000000    0000    0
596    0000000000000000    0000    0
597    0000000000000000    0000    0
598    0000000000000000    0000    0
599    0000000000000000    0000    0
600    0000000000000000    0000    0
601    0000000000000000    0000    0
602    0000000000000000    0000    0
603    0000000000000000    0000    0
604    0000000000000000    0000    0
605    0000000000000000    0000    0
606    0000000000000000    0000    0
607    0000000000000000    0000    0
608    0000000000000000    0000    0
609    0000000000000000    0000    0
610    0000000000000000    0000    0
611    0000000000000000    0000    0
612    0000000000000000    0000    0
613    0000000000000000    0000    0
614    0000000000000000    0000    0
615    0000000000000000    0000    0
616    0000000000000000    0000    0
617    0000000000000000    0000    0
618    0000000000000000    0000    0
619    0000000000000000    0000    0
620    0000000000000000    0000    0
621    0000000000000000    0000    0
622    0000000000000000    0000    0
623    0000000000000000    0000    0
624    0000000000000000    0000    0
625    0000000000000000    0000    0
626    0000000000000000    0000    0
627    0000000000000000    0000    0
628    0000000000000000    0000    0
629    0000000000000000    0000    0
630    0000000000000000    0000    0
631    0000000000000000    0000    0
632    0000000000000000    0000    0
633    0000000000000000    0000    0
634    0000000000000000    0000    0
635    0000000000000000    0000    0
636    0000000000000000    0000    0
637    0000000000000000    0000    0
638    0000000000000000    0000    0
639    0000000000000000    0000    0
640    0000000000000000    0000    0
641    0000000000000000    0000    0
642    0000000000000000    0000    0
643    0000000000000000    0000    0
644    0000000000000000    0000    0
645    0000000000000000    0000    0
646    0000000000000000    0000    0
647    0000000000000000    0000    0
648    0000000000000000    0000    0
649    0000000000000000    0000    0
650    0000000000000000    0000    0
651    0000000000000000    0000    0
652    0000000000000000    0000    0
653    0000000000000000    0000    0
654    0000000000000000    0000    0
655    0000000000000000    0000    0
656    0000000000000000    0000    0
657    0000000000000000    0000    0
658    0000000000000000    0000    0
659    0000000000000000    0000    0
660    0000000000000000    0000    0
661    0000000000000000    0000    0
662    0000000000000000    0000    0
663    0000000000000000    0000    0
664    0000000000000000    0000    0
665    0000000000000000    0000    0
666    0000000000000000    0000    0
667    0000000000000000    0000    0
668    0000000000000000    0000    0
669    0000000000000000    0000    0
670    0000000000000000    0000    0
671    0000000000000000    0000    0
672    0000000000000000    0000    0
673    0000000000000000    0000    0
674    0000000000000000    0000    0
675    0000000000000000    0000    0
676    0000000000000000    0000    0
677    0000000000000000    0000    0
678    0000000000000000    0000    0
679    0000000000000000    0000    0
680    0000000000000000    0000    0
681    0000000000000000    0000    0
682    0000000000000000    0000    0
683    0000000000000000    0000    0
684    0000000000000000    0000    0
685    0000000000000000    0000    0
686    0000000000000000    0000    0
687    0000000000000000    0000    0
688    0000000000000000    0000    0
689    0000000000000000    0000    0
690    0000000000000000    0000    0
691    0000000000000000    0000    0
692    0000000000000000    0000    0
693    0000000000000000    0000    0
694    0000000000000000    0000    0
695    0000000000000000    0000    0
696    0000000000000000    0000    0
697    0000000000000000    0000    0
698    0000000000000000    0000    0
699    0000000000000000    0000    0
700    0000000000000000    0000    0
701    0000000000000000    0000    0
702    0000000000000000    0000    0
703    0000000000000000    0000    0
704    0000000000000000    0000    0
705    0000000000000000    0000    0
706    0000000000000000    0000    0
707    0000000000000000    0000    0
708    0000000000000000    0000    0
709    0000000000000000    0000    0
710    0000000000000000    0000    0
711    0000000000000000    0000    0
712    0000000000000000    0000    0
713    0000000000000000    0000    0
714    0000000000000000    0000    0
715    0000000000000000    0000    0
716    0000000000000000    0000    0
717    0000000000000000    0000    0
718    0000000000000000    0000    0
719    0000000000000000    0000    0
720    0000000000000000    0000    0
721    0000000000000000    0000    0
722    0000000000000000    0000    0
723    0000000000000000    0000    0
724    0000000000000000    0000    0
725    0000000000000000    0000    0
726    0000000000000000    0000    0
727    0000000000000000    0000    0
728    0000000000000000    0000    0
729    0000000000000000    0000    0
730    0000000000000000    0000    0
731    0000000000000000    0000    0
732    0000000000000000    0000    0
733    0000000000000000    0000    0
734    0000000000000000    0000    0
735    0000000000000000    0000    0
736    0000000000000000    0000    0
737    0000000000000000    0000    0
738    0000000000000000    0000    0
739    0000000000000000    0000    0
740    0000000000000000    0000    0
741    0000000000000000    0000    0
742    0000000000000000    0000    0
743    0000000000000000    0000    0
744    0000000000000000    0000    0
745    0000000000000000    0000    0
746    0000000000000000    0000    0
747    0000000000000000    0000    0
748    0000000000000000    0000    0
749    0000000000000000    0000    0
750    0000000000000000    0000    0
751    0000000000000000    0000    0
752    0000000000000000    0000    0
753    0000000000000000    0000    0
754    0000000000000000    0000    0
755    0000000000000000    0000    0
756    0000000000000000    0000    0
757    0000000000000000    0000    0
758    0000000000000000    0000    0
759    0000000000000000    0000    0
760    0000000000000000    0000    0
761    0000000000000000    0000    0
762    0000000000000000    0000    0
763    0000000000000000    0000    0
764    0000000000000000    0000    0
765    0000000000000000    0000    0
766    0000000000000000    0000    0
767    0000000000000000    0000    0
768    0000000000000000    0000    0
769    0000000000000000    0000    0
770    0000000000000000    0000    0
771    0000000000000000    0000    0
772    0000000000000000    0000    0
773    0000000000000000    0000    0
774    0000000000000000    0000    0
775    0000000000000000    0000    0
776    0000000000000000    0000    0
777    0000000000000000    0000    0
778    0000000000000000    0000    0
779    0000000000000000    0000    0
780    0000000000000000    0000    0
781    0000000000000000    0000    0
782    0000000000000000    0000    0
783    0000000000000000    0000    0
784    0000000000000000    0000    0
785    0000000000000000    0000    0
786    0000000000000000    0000    0
787    0000000000000000    0000    0
788    0000000000000000    0000    0
789    0000000000000000    0000    0
790    0000000000000000    0000    0
791    0000000000000000    0000    0
792    0000000000000000    0000    0
793    0000000000000000    0000    0
794    0000000000000000    0000    0
795    0000000000000000    0000    0
796    0000000000000000    0000    0
797    0000000000000000    0000    0
798    0000000000000000    0000    0
799    0000000000000000    0000    0
800    0000000000000000    0000    0
801    0000000000000000    0000    0
802    0000000000000000    0000    0
803    0000000000000000    0000    0
804    0000000000000000    0000    0
805    0000000000000000    0000    0
806    0000000000000000    0000    0
807    0000000000000000    0000    0
808    0000000000000000    0000    0
809    0000000000000000    0000    0
810    0000000000000000    0000    0
811    0000000000000000    0000    0
812    0000000000000000    0000    0
813    0000000000000000    0000    0
814    0000000000000000    0000    0
815    0000000000000000    0000    0
816    0000000000000000    0000    0
817    0000000000000000    0000    0
818    0000000000000000    0000    0
819    0000000000000000    0000    0
820    0000000000000000    0000    0
821    0000000000000000    0000    0
822    0000000000000000    0000    0
823    0000000000000000    0000    0
824    0000000000000000    0000    0
825    0000000000000000    0000    0
826    0000000000000000    0000    0
827    0000000000000000    0000    0
828    0000000000000000    0000    0
829    0000000000000000    0000    0
830    0000000000000000    0000    0
831    0000000000000000    0000    0
832    0000000000000000    0000    0
833    0000000000000000    0000    0
834    0000000000000000    0000    0
835    0000000000000000    0000    0
836    0000000000000000    0000    0
837    0000000000000000    0000    0
838    0000000000000000    0000    0
839    0000000000000000    0000    0
840    0000000000000000    0000    0
841    0000000000000000    0000    0
842    0000000000000000    0000    0
843    0000000000000000    0000    0
844    0000000000000000    0000    0
845    0000000000000000    0000    0
846    0000000000000000    0000    0
847    0000000000000000    0000    0
848    0000000000000000    0000    0
849    0000000000000000    0000    0
850    0000000000000000    0000    0
851    0000000000000000    0000    0
852    0000000000000000    0000    0
853    0000000000000000    0000    0
854    0000000000000000    0000    0
855    0000000000000000    0000    0
856    0000000000000000    0000    0
857    0000000000000000    0000    0
858    0000000000000000    0000    0
859    0000000000000000    0000    0
860    0000000000000000    0000    0
861    0000000000000000    0000    0
862    0000000000000000    0000    0
863    0000000000000000    0000    0
864    0000000000000000    0000    0
865    0000000000000000    0000    0
866    0000000000000000    0000    0
867    0000000000000000    0000    0
868    0000000000000000    0000    0
869    0000000000000000    0000    0
870    0000000000000000    0000    0
871    0000000000000000    0000    0
872    0000000000000000    0000    0
873    0000000000000000    0000    0
874    0000000000000000    0000    0
875    0000000000000000    0000    0
876    0000000000000000    0000    0
877    0000000000000000    0000    0
878    0000000000000000    0000    0
879    0000000000000000    0000    0
880    0000000000000000    0000    0
881    0000000000000000    0000    0
882    0000000000000000    0000    0
883    0000000000000000    0000    0
884    0000000000000000    0000    0
885    0000000000000000    0000    0
886    0000000000000000    0000    0
887    0000000000000000    0000    0
888    0000000000000000    0000    0
889    0000000000000000    0000    0
890    0000000000000000    0000    0
891    0000000000000000    0000    0
892    0000000000000000    0000    0
893    0000000000000000    0000    0
894    0000000000000000    0000    0
895    0000000000000000    0000    0
896    0000000000000000    0000    0
897    0000000000000000    0000    0
898    0000000000000000    0000    0
899    0000000000000000    0000    0
900    0000000000000000    0000    0
901    0000000000000000    0000    0
902    0000000000000000    0000    0
903    0000000000000000    0000    0
904    0000000000000000    0000    0
905    0000000000000000    0000    0
906    0000000000000000    0000    0
907    0000000000000000    0000    0
908    0000000000000000    0000    0
909    0000000000000000    0000    0
910    0000000000000000    0000    0
911    0000000000000000    0000    0
912    0000000000000000    0000    0
913    0000000000000000    0000    0
914    0000000000000000    0000    0
915    0000000000000000    0000    0
916    0000000000000000    0000    0
917    0000000000000000    0000    0
918    0000000000000000    0000    0
919    0000000000000000    0000    0
920    0000000000000000    0000    0
921    0000000000000000    0000    0
922    0000000000000000    0000    0
923    0000000000000000    0000    0
924    0000000000000000    0000    0
925    0000000000000000    0000    0
926    0000000000000000    0000    0
927    0000000000000000    0000    0
928    0000000000000000    0000    0
929    0000000000000000    0000    0
930    0000000000000000    0000    0
931    0000000000000000    0000    0
932    0000000000000000    0000    0
933    0000000000000000    0000    0
934    0000000000000000    0000    0
935    0000000000000000    0000    0
936    0000000000000000    0000    0
937    0000000000000000    0000    0
938    0000000000000000    0000    0
939    0000000000000000    0000    0
940    0000000000000000    0000    0
941    0000000000000000    0000    0
942    0000000000000000    0000    0
943    0000000000000000    0000    0
944    0000000000000000    0000    0
945    0000000000000000    0000    0
946    0000000000000000    0000    0
947    0000000000000000    0000    0
948    0000000000000000    0000    0
949    0000000000000000    0000    0
950    0000000000000000    0000    0
951    0000000000000000    0000    0
952    0000000000000000    0000    0
953    0000000000000000    0000    0
954    0000000000000000    0000    0
955    0000000000000000    0000    0
956    0000000000000000    0000    0
957    0000000000000000    0000    0
958    0000000000000000    0000    0
959    0000000000000000    0000    0
960    0000000000000000    0000    0
961    0000000000000000    0000    0
962    0000000000000000    0000    0
963    0000000000000000    0000    0
964    0000000000000000    0000    0
965    0000000000000000    0000    0
966    0000000000000000    0000    0
967    0000000000000000    0000    0
968    0000000000000000    0000    0
969    0000000000000000    0000    0
970    0000000000000000    0000    0
971    0000000000000000    0000    0
972    0000000000000000    0000    0
973    0000000000000000    0000    0
974    0000000000000000    0000    0
975    0000000000000000    0000    0
976    0000000000000000    0000    0
977    0000000000000000    0000    0
978    0000000000000000    0000    0
979    0000000000000000    0000    0
980    0000000000000000    0000    0
981    0000000000000000    0000    0
982    0000000000000000    0000    0
983    0000000000000000    0000    0
984    0000000000000000    0000    0
985    0000000000000000    0000    0
986    0000000000000000    0000    0
987    0000000000000000    0000    0
988    0000000000000000    0000    0
989    0000000000000000    0000    0
990    0000000000000000    0000    0
991    0000000000000000    0000    0
992    0000000000000000    0000    0
993    0000000000000000    0000    0
994    0000000000000000    0000    0
995    0000000000000000    0000    0
996    0000000000000000    0000    0
997    0000000000000000    0000    0
998    0000000000000000    0000    0
999    0000000000000000    0000    0
1000    0000000000000000    0000    0
1001    0000000000000000    0000    0
1002    0000000000000000    0000    0
1003    0000000000000000    0000    0
1004    0000000000000000    0000    0
1005    0000000000000000    0000    0
1006    0000000000000000    0000    0
1007    0000000000000000    0000    0
1008    0000000000000000    0000    0
1009    0000000000000000    0000    0
1010    0000000000000000    0000    0
1011    0000000000000000    0000    0
1012    0000000000000000    0000    0
1013    0000000000000000    0000    0
1014    0000000000000000    0000    0
1015    0000000000000000    0000    0
1016    0000000000000000    0000    0
1017    0000000000000000    0000    0
1018    0000000000000000    0000    0
1019    0000000000000000    0000    0
1020    0000000000000000    0000    0
1021    0000000000000000    0000    0
1022    0000000000000000    0000    0
1023    0000000000000000    0000    0
1024    0000000000000000    0000    0
1025    0000000000000000    0000    0
1026    0000000000000000    0000    0
1027    0000000000000000    0000    0
1028    0000000000000000    0000    0
1029    0000000000000000    0000    0
1030    0000000000000000    0000    0
1031    0000000000000000    0000    0
1032    0000000000000000    0000    0
1033    0000000000000000    0000    0
1034    0000000000000000    0000    0
1035    0000000000000000    0000    0
1036    0000000000000000    0000    0
1037    0000000000000000    0000    0
1038    0000000000000000    0000    0
1039    0000000000000000    0000    0
1040    0000000000000000    0000    0
1041    0000000000000000    0000    0
1042    0000000000000000    0000    0
1043    0000000000000000    0000    0
1044    0000000000000000    0000    0
1045    0000000000000000    0000    0
1046    0000000000000000    0000    0
1047    0000000000000000    0000    0
1048    0000000000000000    0000    0
1049    0000000000000000    0000    0
1050    0000000000000000    0000    0
1051    0000000000000000    0000    0
1052    0000000000000000    0000    0
1053    0000000000000000    0000    0
1054    0000000000000000    0000    0
1055    0000000000000000    0000    0
1056    0000000000000000    0000    0
1057    0000000000000000    0000    0
1058    0000000000000000    0000    0
1059    0000000000000000    0000    0
1060    0000000000000000    0000    0
1061    0000000000000000    0000    0
1062    0000000000000000    0000    0
1063    0000000000000000    0000    0
1064    0000000000000000    0000    0
1065    0000000000000000    0000    0
1066    0000000000000000    0000    0
1067    0000000000000000    0000    0
1068    0000000000000000    0000    0
1069    0000000000000000    0000    0
1070    0000000000000000    0000    0
1071    0000000000000000    0000    0
1072    0000000000000000    0000    0
1073    0000000000000000    0000    0
1074    0000000000000000    0000    0
1075    0000000000000000    0000    0
1076    0000000000000000    0000    0
1077    0000000000000000    0000    0
1078    0000000000000000    0000    0
1079    0000000000000000    0000    0
1080    0000000000000000    0000    0
1081    0000000000000000    0000    0
1082    0000000000000000    0000    0
1083    0000000000000000    0000    0
1084    0000000000000000    0000    0
1085    0000000000000000    0000    0
1086    0000000000000000    0000    0
1087    0000000000000000    0000    0
1088    0000000000000000    0000    0
1089    0000000000000000    0000    0
1090    0000000000000000    0000    0
1091    0000000000000000    0000    0
1092    0000000000000000    0000    0
1093    0000000000000000    0000    0
1094    0000000000000000    0000    0
1095    0000000000000000    0000    0
1096    0000000000000000    0000    0
1097    0000000000000000    0000    0
1098    0000000000000000    0000    0
1099    0000000000000000    0000    0
1100    0000000000000000    0000    0
1101    0000000000000000    0000    0
1102    0000000000000000    0000    0
1103    0000000000000000    0000    0
1104    0000000000000000    0000    0
1105    0000000000000000    0000    0
1106    0000000000000000    0000    0
1107    0000000000000000    0000    0
1108    0000000000000000    0000    0
1109    0000000000000000    0000    0
1110    0000000000000000    0000    0
1111    0000000000000000    0000    0
1112    0000000000000000    0000    0
1113    0000000000000000    0000    0
1114    0000000000000000    0000    0
1115    0000000000000000    0000    0
1116    0000000000000000    0000    0
1117    0000000000000000    0000    0
1118    0000000000000000    0000    0
1119    0000000000000000    0000    0
1120    0000000000000000    0000    0
1121    0000000000000000    0000    0
1122    0000000000000000    0000    0
1123    0000000000000000    0000    0
1124    0000000000000000    0000    0
1125    0000000000000000    0000    0
1126    0000000000000000    0000    0
1127    0000000000000000    0000    0
1128    0000000000000000    0000    0
1129    0000000000000000    0000    0
1130    0000000000000000    0000    0
1131    0000000000000000    0000    0
1132    0000000000000000    0000    0
1133    0000000000000000    0000    0
1134    0000000000000000    0000    0
1135    0000000000000000    0000    0
1136    0000000000000000    0000    0
1137    0000000000000000    0000    0
1138    0000000000000000    0000    0
1139    0000000000000000    0000    0
1140    0000000000000000    0000    0
1141    0000000000000000    0000    0
1142    0000000000000000    0000    0
1143    0000000000000000    0000    0
1144    0000000000000000    0000    0
1145    0000000000000000    0000    0
1146    0000000000000000    0000    0
1147    0000000000000000    0000    0
1148    0000000000000000    0000    0
1149    0000000000000000    0000    0
1150    0000000000000000    0000    0
1151    0000000000000000    0000    0
1152    0000000000000000    0000    0
1153    0000000000000000    0000    0
1154    0000000000000000    0000    0
1155    0000000000000000    0000    0
1156    0000000000000000    0000    0
1157    0000000000000000    0000    0
1158    0000000000000000    0000    0
1159    0000000000000000    0000    0
1160    0000000000000000    0000    0
1161    0000000000000000    0000    0
1162    0000000000000000    0000    0
1163    0000000000000000    0000    0
1164    0000000000000000    0000    0
1165    0000000000000000    0000    0
1166    0000000000000000    0000    0
1167    0000000000000000    0000    0
1168    0000000000000000    0000    0
1169    0000000000000000    0000    0
1170    0000000000000000    0000    0
1171    0000000000000000    0000    0
1172    0000000000000000    0000    0
1173    0000000000000000    0000    0
1174    0000000000000000    0000    0
1175    0000000000000000    0000    0
1176    0000000000000000    0000    0
1177    0000000000000000    0000    0
1178    0000000000000000    0000    0
1179    0000000000000000    0000    0
1180    0000000000000000    0000    0
1181    0000000000000000    0000    0
1182    0000000000000000    0000    0
1183    0000000000000000    0000    0
1184    0000000000000000    0000    0
1185    0000000000000000    0000    0
1186    0000000000000000    0000    0
1187    0000000000000000    0000    0
1188    0000000000000000    0000    0
1189    0000000000000000    0000    0
1190    0000000000000000    0000    0
1191    0000000000000000    0000    0
1192    0000000000000000    0000    0
1193    0000000000000000    0000    0
1194    0000000000000000    0000    0
1195    0000000000000000    0000    0
1196    0000000000000000    0000    0
1197    0000000000000000    0000    0
1198    0000000000000000    0000    0
1199    0000000000000000    0000    0
1200    0000000000000000    0000    0
1201    0000000000000000    0000    0
1202    0000000000000000    0000    0
1203    0000000000000000    0000    0
1204    0000000000000000    0000    0
1205    0000000000000000    0000    0
1206    0000000000000000    0000    0
1207    0000000000000000    0000    0
1208    0000000000000000    0000    0
1209    0000000000000000    0000    0
1210    0000000000000000    0000    0
1211    0000000000000000    0000    0
1212    0000000000000000    0000    0
1213    0000000000000000    0000    0
1214    0000000000000000    0000    0
1215    0000000000000000    0000    0
1216    0000000000000000    0000    0
1217    0000000000000000    0000    0
1218    0000000000000000    0000    0
1219    0000000000000000    0000    0
1220    0000000000000000    0000    0
1221    0000000000000000    0000    0
1222    0000000000000000    0000    0
1223    0000000000000000    0000    0
1224    0000000000000000    0000    0
1225    0000000000000000    0000    0
1226    0000000000000000    0000    0
1227    0000000000000000    0000    0
1228    0000000000000000    0000    0
1229    0000000000000000    0000    0
1230    0000000000000000    0000    0
1231    0000000000000000    0000    0
1232    0000000000000000    0000    0
1233    0000000000000000    0000    0
1234    0000000000000000    0000    0
1235    0000000000000000    0000    0
1236    0000000000000000    0000    0
1237    0000000000000000    0000    0
1238    0000000000000000    0000    0
1239    0000000000000000    0000    0
1240    0000000000000000    0000    0
1241    0000000000000000    0000    0
1242    0000000000000000    0000    0
1243    0000000000000000    0000    0
1244    0000000000000000    0000    0
1245    0000000000000000    0000    0
1246    0000000000000000    0000    0
1247    0000000000000000    0000    0
1248    0000000000000000    0000    0
1249    0000000000000000    0000    0
1250    0000000000000000    0000    0
1251    0000000000000000    0000    0
1252    0000000000000000    0000    0
1253    0000000000000000    0000    0
1254    0000000000000000    0000    0
1255    0000000000000000    0000    0
1256    0000000000000000    0000    0
1257    0000000000000000    0000    0
1258    0000000000000000    0000    0
1259    0000000000000000    0000    0
1260    0000000000000000    0000    0
1261    0000000000000000    0000    0
1262    0000000000000000    0000    0
1263    0000000000000000    0000    0
1264    0000000000000000    0000    0
1265    0000000000000000    0000    0
1266    0000000000000000    0000    0
1267    0000000000000000    0000    0
1268    0000000000000000    0000    0
1269    0000000000000000    0000    0
1270    0000000000000000    0000    0
1271    0000000000000000    0000    0
1272    0000000000000000    0000    0
1273    0000000000000000    0000    0
1274    0000000000000000    0000    0
1275    0000000000000000    0000    0
1276    0000000000000000    0000    0
1277    0000000000000000    0000    0
1278    0000000000000000    0000    0
1279    0000000000000000    0000    0
1280    0000000000000000    0000    0
1281    0000000000000000    0000    0
1282    0000000000000000    0000    0
1283    0000000000000000    0000    0
1284    0000000000000000    0000    0
1285    0000000000000000    0000    0
1286    0000000000000000    0000    0
1287    0000000000000000    0000    0
1288    0000000000000000    0000    0
1289    0000000000000000    0000    0
1290    0000000000000000    0000    0
1291    0000000000000000    0000    0
1292    0000000000000000    0000    0
1293    0000000000000000    0000    0
1294    0000000000000000    0000    0
1295    0000000000000000    0000    0
1296    0000000000000000    0000    0
1297    0000000000000000    0000    0
1298    0000000000000000    0000    0
1299    0000000000000000    0000    0
1300    0000000000000000    0000    0
1301    0000000000000000    0000    0
1302    0000000000000000    0000    0
1303    0000000000000000    0000    0
1304    0000000000000000    0000    0
1305    0000000000000000    0000    0
1306    0000000000000000    0000    0
1307    0000000000000000    0000    0
1308    0000000000000000    0000    0
1309    0000000000000000    0000    0
1310    0000000000000000    0000    0
1311    0000000000000000    0000    0
1312    0000000000000000    0000    0
1313    0000000000000000    0000    0
1314    0000000000000000    0000    0
1315    0000000000000000    0000    0
1316    0000000000000000    0000    0
1317    0000000000000000    0000    0
1318    0000000000000000    0000    0
1319    0000000000000000    0000    0
1320    0000000000000000    0000    0
1321    0000000000000000    0000    0
1322    0000000000000000    0000    0
1323    0000000000000000    0000    0
1324    0000000000000000    0000    0
1325    0000000000000000    0000    0
1326    0000000000000000    0000    0
1327    0000000000000000    0000    0
1328    0000000000000000    0000    0
1329    0000000000000000    0000    0
1330    0000000000000000    0000    0
1331    0000000000000000    0000    0
1332    0000000000000000    0000    0
1333    0000000000000000    0000    0
1334    0000000000000000    0000    0
1335    0000000000000000    0000    0
1336    0000000000000000    0000    0
1337    0000000000000000    0000    0
1338    0000000000000000    0000    0
1339    0000000000000000    0000    0
1340    0000000000000000    0000    0
1341    0000000000000000    0000    0
1342    0000000000000000    0000    0
1343    0000000000000000    0000    0
1344    0000000000000000    0000    0
1345    0000000000000000    0000    0
1346    0000000000000000    0000    0
1347    0000000000000000    0000    0
1348    0000000000000000    0000    0
1349    0000000000000000    0000    0
1350    0000000000000000    0000    0
1351    0000000000000000    0000    0
1352    0000000000000000    0000    0
1353    0000000000000000    0000    0
1354    0000000000000000    0000    0
1355    0000000000000000    0000    0
1356    0000000000000000    0000    0
1357    0000000000000000    0000    0
1358    0000000000000000    0000    0
1359    0000000000000000    0000    0
1360    0000000000000000    0000    0
1361    0000000000000000    0000    0
1362    0000000000000000    0000    0
1363    0000000000000000    0000    0
1364    0000000000000000    0000    0
1365    0000000000000000    0000    0
1366    0000000000000000    0000    0
1367    0000000000000000    0000    0
1368    0000000000000000    0000    0
1369    0000000000000000    0000    0
1370    0000000000000000    0000    0
1371    0000000000000000    0000    0
1372    0000000000000000    0000    0
1373    0000000000000000    0000    0
1374    0000000000000000    0000    0
1375    0000000000000000    0000    0
1376    0000000000000000    0000    0
1377    0000000000000000    0000    0
1378    0000000000000000    0000    0
1379    0000000000000000    0000    0
1380    0000000000000000    0000    0
1381    0000000000000000    0000    0
1382    0000000000000000    0000    0
1383    0000000000000000    0000    0
1384    0000000000000000    0000    0
1385    0000000000000000    0000    0
1386    0000000000000000    0000    0
1387    0000000000000000    0000    0
1388    0000000000000000    0000    0
1389    0000000000000000    0000    0
1390    0000000000000000    0000    0
1391    0000000000000000    0000    0
1392    0000000000000000    0000    0
1393    0000000000000000    0000    0
1394    0000000000000000    0000    0
1395    0000000000000000    0000    0
1396    0000000000000000    0000    0
1397    0000000000000000    0000    0
1398    0000000000000000    0000    0
1399    0000000000000000    0000    0
1400    0000000000000000    0000    0
1401    0000000000000000    0000    0
1402    0000000000000000    0000    0
1403    0000000000000000    0000    0
1404    0000000000000000    0000    0
1405    0000000000000000    0000    0
1406    0000000000000000    0000    0
1407    0000000000000000    0000    0
1408    0000000000000000    0000    0
1409    0000000000000000    0000    0
1410    0000000000000000    0000    0
1411    0000000000000000    0000    0
1412    0000000000000000    0000    0
1413    0000000000000000    0000    0
1414    0000000000000000    0000    0
1415    0000000000000000    0000    0
1416    0000000000000000    0000    0
1417    0000000000000000    0000    0
1418    0000000000000000    0000    0
1419    0000000000000000    0000    0
1420    0000000000000000    0000    0
1421    0000000000000000    0000    0
1422    0000000000000000    0000    0
1423    0000000000000000    0000    0
1424    0000000000000000    0000    0
1425    0000000000000000    0000    0
1426    0000000000000000    0000    0
1427    0000000000000000    0000    0
1428    0000000000000000    0000    0
1429    0000000000000000    0000    0
1430    0000000000000000    0000    0
1431    0000000000000000    0000    0
1432    0000000000000000    0000    0
1433    0000000000000000    0000    0
1434    0000000000000000    0000    0
1435    0000000000000000    0000    0
1436    0000000000000000    0000    0
1437    0000000000000000    0000    0
1438    0000000000000000    0000    0
1439    0000000000000000    0000    0
1440    0000000000000000    0000    0
1441    0000000000000000    0000    0
1442    0000000000000000    0000    0
1443    0000000000000000    0000    0
1444    0000000000000000    0000    0
1445    0000000000000000    0000    0
1446    0000000000000000    0000    0
1447    0000000000000000    0000    0
1448    0000000000000000    0000    0
1449    0000000000000000    0000    0
1450    0000000000000000    0000    0
1451    0000000000000000    0000    0
1452    0000000000000000    0000    0
1453    0000000000000000    0000    0
1454    0000000000000000    0000    0
1455    0000000000000000    0000    0
1456    0000000000000000    0000    0
1457    0000000000000000    0000    0
1458    0000000000000000    0000    0
1459    0000000000000000    0000    0
1460    0000000000000000    0000    0
1461    0000000000000000    0000    0
1462    0000000000000000    0000    0
1463    0000000000000000    0000    0
1464    0000000000000000    0000    0
1465    0000000000000000    0000    0
1466    0000000000000000    0000    0
1467    0000000000000000    0000    0
1468    0000000000000000    0000    0
1469    0000000000000000    0000    0
1470    0000000000000000    0000    0
1471    0000000000000000    0000    0
1472    0000000000000000    0000    0
1473    0000000000000000    0000    0
1474    0000000000000000    0000    0
1475    0000000000000000    0000    0
1476    0000000000000000    0000    0
1477    0000000000000000    0000    0
1478    0000000000000000    0000    0
1479    0000000000000000    0000    0
1480    0000000000000000    0000    0
1481    0000000000000000    0000    0
1482    0000000000000000    0000    0
1483    0000000000000000    0000    0
1484    0000000000000000    0000    0
1485    0000000000000000    0000    0
1486    0000000000000000    0000    0
1487    0000000000000000    0000    0
1488    0000000000000000    0000    0
1489    0000000000000000    0000    0
1490    0000000000000000    0000    0
1491    0000000000000000    0000    0
1492    0000000000000000    0000    0
1493    0000000000000000    0000    0
1494    0000000000000000    0000    0
1495    0000000000000000    0000    0
1496    0000000000000000    0000    0
1497    0000000000000000    0000    0
1498    0000000000000000    0000    0
1499    0000000000000000    0000    0
1500    0000000000000000    0000    0
1501    0000000000000000    0000    0
1502    0000000000000000    0000    0
1503    0000000000000000    0000    0
1504    0000000000000000    0000    0
1505    0000000000000000    0000    0
1506    0000000000000000    0000    0
1507    0000000000000000    0000    0
1508    0000000000000000    0000    0
1509    0000000000000000    0000    0
1510    0000000000000000    0000    0
1511    0000000000000000    0000    0
1512    0000000000000000    0000    0
1513    0000000000000000    0000    0
1514    0000000000000000    0000    0
1515    0000000000000000    0000    0
1516    0000000000000000    0000    0
1517    0000000000000000    0000    0
1518    0000000000000000    0000    0
1519    0000000000000000    0000    0
1520    0000000000000000    0000    0
1521    0000000000000000    0000    0
1522    0000000000000000    0000    0
1523    0000000000000000    0000    0
1524    0000000000000000    0000    0
1525    0000000000000000    0000    0
1526    0000000000000000    0000    0
1527    0000000000000000    0000    0
1528    0000000000000000    0000    0
1529    0000000000000000    0000    0
1530    0000000000000000    0000    0
1531    0000000000000000    0000    0
1532    0000000000000000    0000    0
1533    0000000000000000    0000    0
1534    0000000000000000    0000    0
1535    0000000000000000    0000    0
1536    0000000000000000    0000    0
1537    0000000000000000    0000    0
1538    0000000000000000    0000    0
1539    0000000000000000    0000    0
1540    0000000000000000    0000    0
1541    0000000000000000    0000    0
1542    0000000000000000    0000    0
1543    0000000000000000    0000    0
1544    0000000000000000    0000    0
1545    0000000000000000    0000    0
1546    0000000000000000    0000    0
1547    0000000000000000    0000    0
1548    0000000000000000    0000    0
1549    0000000000000000    0000    0
1550    0000000000000000    0000    0
1551    0000000000000000    0000    0
1552    0000000000000000    0000    0
1553    0000000000000000    0000    0
1554    0000000000000000    0000    0
1555    0000000000000000    0000    0
1556    0000000000000000    0000    0
1557    0000000000000000    0000    0
1558    0000000000000000    0000    0
1559    0000000000000000    0000    0
1560    0000000000000000    0000    0
1561    0000000000000000    0000    0
1562    0000000000000000    0000    0
1563    0000000000000000    0000    0
1564    0000000000000000    0000    0
1565    0000000000000000    0000    0
1566    0000000000000000    0000    0
1567    0000000000000000    0000    0
1568    0000000000000000    0000    0
1569    0000000000000000    0000    0
1570    0000000000000000    0000    0
1571    0000000000000000    0000    0
1572    0000000000000000    0000    0
1573    0000000000000000    0000    0
1574    0000000000000000    0000    0
1575    0000000000000000    0000    0
1576    0000000000000000    0000    0
1577    0000000000000000    0000    0
1578    0000000000000000    0000    0
1579    0000000000000000    0000    0
1580    0000000000000000    0000    0
1581    0000000000000000    0000    0
1582    0000000000000000    0000    0
1583    0000000000000000    0000    0
1584    0000000000000000    0000    0
1585    0000000000000000    0000    0
1586    0000000000000000    0000    0
1587    0000000000000000    0000    0
1588    0000000000000000    0000    0
1589    0000000000000000    0000    0
1590    0000000000000000    0000    0
1591    0000000000000000    0000    0
1592    0000000000000000    0000    0
1593    0000000000000000    0000    0
1594    0000000000000000    0000    0
1595    0000000000000000    0000    0
1596    0000000000000000    0000    0
1597    0000000000000000    0000    0
1598    0000000000000000    0000    0
1599    0000000000000000    0000    0
1600    0000000000000000    0000    0
1601    0000000000000000    0000    0
1602    0000000000000000    0000    0
1603    0000000000000000    0000    0
1604    0000000000000000    0000    0
1605    0000000000000000    0000    0
1606    0000000000000000    0000    0
1607    0000000000000000    0000    0
1608    0000000000000000    0000    0
1609    0000000000000000    0000    0
1610    0000000000000000    0000    0
1611    0000000000000000    0000    0
1612    0000000000000000    0000    0
1613    0000000000000000    0000    0
1614    0000000000000000    0000    0
1615    0000000000000000    0000    0
1616    0000000000000000    0000    0
1617    0000000000000000    0000    0
1618    0000000000000000    0000    0
1619    0000000000000000    0000    0
1620    0000000000000000    0000    0
1621    0000000000000000    0000    0
1622    0000000000000000    0000    0
1623    0000000000000000    0000    0
1624    0000000000000000    0000    0
1625    0000000000000000    0000    0
1626    0000000000000000    0000    0
1627    0000000000000000    0000    0
1628    0000000000000000    0000    0
1629    0000000000000000    0000    0
1630    0000000000000000    0000    0
1631    0000000000000000    0000    0
1632    0000000000000000    0000    0
1633    0000000000000000    0000    0
1634    0000000000000000    0000    0
1635    0000000000000000    0000    0
1636    0000000000000000    0000    0
1637    0000000000000000    0000    0
1638    0000000000000000    0000    0
1639    0000000000000000    0000    0
1640    0000000000000000    0000    0
1641    0000000000000000    0000    0
1642    0000000000000000    0000    0
1643    0000000000000000    0000    0
1644    0000000000000000    0000    0
1645    0000000000000000    0000    0
1646    0000000000000000    0000    0
1647    0000000000000000    0000    0
1648    0000000000000000    0000    0
1649    0000000000000000    0000    0
1650    0000000000000000    0000    0
1651    0000000000000000    0000    0
1652    0000000000000000    0000    0
1653    0000000000000000    0000    0
1654    0000000000000000    0000    0
1655    0000000000000000    0000    0
1656    0000000000000000    0000    0
1657    0000000000000000    0000    0
1658    0000000000000000    0000    0
1659    0000000000000000    0000    0
1660    0000000000000000    0000    0
1661    0000000000000000    0000    0
1662    0000000000000000    0000    0
1663    0000000000000000    0000    0
1664    0000000000000000    0000    0
1665    0000000000000000    0000    0
1666    0000000000000000    0000    0
1667    0000000000000000    0000    0
1668    0000000000000000    0000    0
1669    0000000000000000    0000    0
1670    0000000000000000    0000    0
1671    0000000000000000    0000    0
1672    0000000000000000    0000    0
1673    0000000000000000    0000    0
1674    0000000000000000    0000    0
1675    0000000000000000    0000    0
1676    0000000000000000    0000    0
1677    0000000000000000    0000    0
1678    0000000000000000    0000    0
1679    0000000000000000    0000    0
1680    0000000000000000    0000    0
1681    0000000000000000    0000    0
1682    0000000000000000    0000    0
1683    0000000000000000    0000    0
1684    0000000000000000    0000    0
1685    0000000000000000    0000    0
1686    0000000000000000    0000    0
1687    0000000000000000    0000    0
1688    0000000000000000    0000    0
1689    0000000000000000    0000    0
1690    0000000000000000    0000    0
1691    0000000000000000    0000    0
1692    0000000000000000    0000    0
1693    0000000000000000    0000    0
1694    0000000000000000    0000    0
1695    0000000000000000    0000    0
1696    0000000000000000    0000    0
1697    0000000000000000    0000    0
1698    0000000000000000    0000    0
1699    0000000000000000    0000    0
1700    0000000000000000    0000    0
1701    0000000000000000    0000    0
1702    0000000000000000    0000    0
1703    0000000000000000    0000    0
1704    0000000000000000    0000    0
1705    0000000000000000    0000    0
1706    0000000000000000    0000    0
1707    0000000000000000    0000    0
1708    0000000000000000    0000    0
1709    0000000000000000    0000    0
1710    0000000000000000    0000    0
1711    0000000000000000    0000    0
1712    0000000000000000    0000    0
1713    0000000000000000    0000    0
1714    0000000000000000    0000    0
1715    0000000000000000    0000    0
1716    0000000000000000    0000    0
1717    0000000000000000    0000    0
1718    0000000000000000    0000    0
1719    0000000000000000    0000    0
1720    0000000000000000    0000    0
1721    0000000000000000    0000    0
1722    0000000000000000    0000    0
1723    0000000000000000    0000    0
1724    0000000000000000    0000    0
1725    0000000000000000    0000    0
1726    0000000000000000    0000    0
1727    0000000000000000    0000    0
1728    0000000000000000    0000    0
1729    0000000000000000    0000    0
1730    0000000000000000    0000    0
1731    0000000000000000    0000    0
1732    0000000000000000    0000    0
1733    0000000000000000    0000    0
1734    0000000000000000    0000    0
1735    0000000000000000    0000    0
1736    0000000000000000    0000    0
1737    0000000000000000    0000    0
1738    0000000000000000    0000    0
1739    0000000000000000    0000    0
1740    0000000000000000    0000    0
1741    0000000000000000    0000    0
1742    0000000000000000    0000    0
1743    0000000000000000    0000    0
1744    0000000000000000    0000    0
1745    0000000000000000    0000    0
1746    0000000000000000    0000    0
1747    0000000000000000    0000    0
1748    0000000000000000    0000    0
1749    0000000000000000    0000    0
1750    0000000000000000    0000    0
1751    0000000000000000    0000    0
1752    0000000000000000    0000    0
1753    0000000000000000    0000    0
1754    0000000000000000    0000    0
1755    0000000000000000    0000    0
1756    0000000000000000    0000    0
1757    0000000000000000    0000    0
1758    0000000000000000    0000    0
1759    0000000000000000    0000    0
1760    0000000000000000    0000    0
1761    0000000000000000    0000    0
1762    0000000000000000    0000    0
1763    0000000000000000    0000    0
1764    0000000000000000    0000    0
1765    0000000000000000    0000    0
1766    0000000000000000    0000    0
1767    0000000000000000    0000    0
1768    0000000000000000    0000    0
1769    0000000000000000    0000    0
1770    0000000000000000    0000    0
1771    0000000000000000    0000    0
1772    0000000000000000    0000    0
1773    0000000000000000    0000    0
1774    0000000000000000    0000    0
1775    0000000000000000    0000    0
1776    0000000000000000    0000    0
1777    0000000000000000    0000    0
1778    0000000000000000    0000    0
1779    0000000000000000    0000    0
1780    0000000000000000    0000    0
1781    0000000000000000    0000    0
1782    0000000000000000    0000    0
1783    0000000000000000    0000    0
1784    0000000000000000    0000    0
1785    0000000000000000    0000    0
1786    0000000000000000    0000    0
1787    0000000000000000    0000    0
1788    0000000000000000    0000    0
1789    0000000000000000    0000    0
1790    0000000000000000    0000    0
1791    0000000000000000    0000    0
1792    0000000000000000    0000    0
1793    0000000000000000    0000    0
1794    0000000000000000    0000    0
1795    0000000000000000    0000    0
1796    0000000000000000    0000    0
1797    0000000000000000    0000    0
1798    0000000000000000    0000    0
1799    0000000000000000    0000    0
1800    0000000000000000    0000    0
1801    0000000000000000    0000    0
1802    0000000000000000    0000    0
1803    0000000000000000    0000    0
1804    0000000000000000    0000    0
1805    0000000000000000    0000    0
1806    0000000000000000    0000    0
1807    0000000000000000    0000    0
1808    0000000000000000    0000    0
1809    0000000000000000    0000    0
1810    0000000000000000    0000    0
1811    0000000000000000    0000    0
1812    0000000000000000    0000    0
1813    0000000000000000    0000    0
1814    0000000000000000    0000    0
1815    0000000000000000    0000    0
1816    0000000000000000    0000    0
1817    0000000000000000    0000    0
1818    0000000000000000    0000    0
1819    0000000000000000    0000    0
1820    0000000000000000    0000    0
1821    0000000000000000    0000    0
1822    0000000000000000    0000    0
1823    0000000000000000    0000    0
1824    0000000000000000    0000    0
1825    0000000000000000    0000    0
1826    0000000000000000    0000    0
1827    0000000000000000    0000    0
1828    0000000000000000    0000    0
1829    0000000000000000    0000    0
1830    0000000000000000    0000    0
1831    0000000000000000    0000    0
1832    0000000000000000    0000    0
1833    0000000000000000    0000    0
1834    0000000000000000    0000    0
1835    0000000000000000    0000    0
1836    0000000000000000    0000    0
1837    0000000000000000    0000    0
1838    0000000000000000    0000    0
1839    0000000000000000    0000    0
1840    0000000000000000    0000    0
1841    0000000000000000    0000    0
1842    0000000000000000    0000    0
1843    0000000000000000    0000    0
1844    0000000000000000    0000    0
1845    0000000000000000    0000    0
1846    0000000000000000    0000    0
1847    0000000000000000    0000    0
1848    0000000000000000    0000    0
1849    0000000000000000    0000    0
1850    0000000000000000    0000    0
1851    0000000000000000    0000    0
1852    0000000000000000    0000    0
1853    0000000000000000    0000    0
1854    0000000000000000    0000    0
1855    0000000000000000    0000    0
1856    0000000000000000    0000    0
1857    0000000000000000    0000    0
1858    0000000000000000    0000    0
1859    0000000000000000    0000    0
1860    0000000000000000    0000    0
1861    0000000000000000    0000    0
1862    0000000000000000    0000    0
1863    0000000000000000    0000    0
1864    0000000000000000    0000    0
1865    0000000000000000    0000    0
1866    0000000000000000    0000    0
1867    0000000000000000    0000    0
1868    0000000000000000    0000    0
1869    0000000000000000    0000    0
1870    0000000000000000    0000    0
1871    0000000000000000    0000    0
1872    0000000000000000    0000    0
1873    0000000000000000    0000    0
1874    0000000000000000    0000    0
1875    0000000000000000    0000    0
1876    0000000000000000    0000    0
1877    0000000000000000    0000    0
1878    0000000000000000    0000    0
1879    0000000000000000    0000    0
1880    0000000000000000    0000    0
1881    0000000000000000    0000    0
1882    0000000000000000    0000    0
1883    0000000000000000    0000    0
1884    0000000000000000    0000    0
1885    0000000000000000    0000    0
1886    0000000000000000    0000    0
1887    0000000000000000    0000    0
1888    0000000000000000    0000    0
1889    0000000000000000    0000    0
1890    0000000000000000    0000    0
1891    0000000000000000    0000    0
1892    0000000000000000    0000    0
1893    0000000000000000    0000    0
1894    0000000000000000    0000    0
1895    0000000000000000    0000    0
1896    0000000000000000    0000    0
1897    0000000000000000    0000    0
1898    0000000000000000    0000    0
1899    0000000000000000    0000    0
1900    0000000000000000    0000    0
1901    0000000000000000    0000    0
1902    0000000000000000    0000    0
1903    0000000000000000    0000    0
1904    0000000000000000    0000    0
1905    0000000000000000    0000    0
1906    0000000000000000    0000    0
1907    0000000000000000    0000    0
1908    0000000000000000    0000    0
1909    0000000000000000    0000    0
1910    0000000000000000    0000    0
1911    0000000000000000    0000    0
1912    0000000000000000    0000    0
1913    0000000000000000    0000    0
1914    0000000000000000    0000    0
1915    0000000000000000    0000    0
1916    0000000000000000    0000    0
1917    0000000000000000    0000    0
1918    0000000000000000    0000    0
1919    0000000000000000    0000    0
1920    0000000000000000    0000    0
1921    0000000000000000    0000    0
1922    0000000000000000    0000    0
1923    0000000000000000    0000    0
1924    0000000000000000    0000    0
1925    0000000000000000    0000    0
1926    0000000000000000    0000    0
1927    0000000000000000    0000    0
1928    0000000000000000    0000    0
1929    0000000000000000    0000    0
1930    0000000000000000    0000    0
1931    0000000000000000    0000    0
1932    0000000000000000    0000    0
1933    0000000000000000    0000    0
1934    0000000000000000    0000    0
1935    0000000000000000    0000    0
1936    0000000000000000    0000    0
1937    0000000000000000    0000    0
1938    0000000000000000    0000    0
1939    0000000000000000    0000    0
1940    0000000000000000    0000    0
1941    0000000000000000    0000    0
1942    0000000000000000    0000    0
1943    0000000000000000    0000    0
1944    0000000000000000    0000    0
1945    0000000000000000    0000    0
1946    0000000000000000    0000    0
1947    0000000000000000    0000    0
1948    0000000000000000    0000    0
1949    0000000000000000    0000    0
1950    0000000000000000    0000    0
1951    0000000000000000    0000    0
1952    0000000000000000    0000    0
1953    0000000000000000    0000    0
1954    0000000000000000    0000    0
1955    0000000000000000    0000    0
1956    0000000000000000    0000    0
1957    0000000000000000    0000    0
1958    0000000000000000    0000    0
1959    0000000000000000    0000    0
1960    0000000000000000    0000    0
1961    0000000000000000    0000    0
1962    0000000000000000    0000    0
1963    0000000000000000    0000    0
1964    0000000000000000    0000    0
1965    0000000000000000    0000    0
1966    0000000000000000    0000    0
1967    0000000000000000    0000    0
1968    0000000000000000    0000    0
1969    0000000000000000    0000    0
1970    0000000000000000    0000    0
1971    0000000000000000    0000    0
1972    0000000000000000    0000    0
1973    0000000000000000    0000    0
1974    0000000000000000    0000    0
1975    0000000000000000    0000    0
1976    0000000000000000    0000    0
1977    0000000000000000    0000    0
1978    0000000000000000    0000    0
1979    0000000000000000    0000    0
1980    0000000000000000    0000    0
1981    0000000000000000    0000    0
1982    0000000000000000    0000    0
1983    0000000000000000    0000    0
1984    0000000000000000    0000    0
1985    0000000000000000    0000    0
1986    0000000000000000    0000    0
1987    0000000000000000    0000    0
1988    0000000000000000    0000    0
1989    0000000000000000    0000    0
1990    0000000000000000    0000    0
1991    0000000000000000    0000    0
1992    0000000000000000    0000    0
1993    0000000000000000    0000    0
1994    0000000000000000    0000    0
1995    0000000000000000    0000    0
1996    0000000000000000    0000    0
1997    0000000000000000    0000    0
1998    0000000000000000    0000    0
1999    0000000000000000    0000    0
2000    0000000000000000    0000    0
2001    0000000000000000    0000    0
2002    0000000000000000    0000    0
2003    0000000000000000    0000    0
2004    0000000000000000    0000    0
2005    0000000000000000    0000    0
2006    0000000000000000    0000    0
2007    0000000000000000    0000    0
2008    0000000000000000    0000    0
2009    0000000000000000    0000    0
2010    0000000000000000    0000    0
2011    0000000000000000    0000    0
2012    0000000000000000    0000    0
2013    0000000000000000    0000    0
2014    0000000000000000    0000    0
2015    0000000000000000    0000    0
2016    0000000000000000    0000    0
2017    0000000000000000    0000    0
2018    0000000000000000    0000    0
2019    0000000000000000    0000    0
2020    0000000000000000    0000    0
2021    0000000000000000    0000    0
2022    0000000000000000    0000    0
2023    0000000000000000    0000    0
2024    0000000000000000    0000    0
2025    0000000000000000    0000    0
2026    0000000000000000    0000    0
2027    0000000000000000    0000    0
2028    0000000000000000    0000    0
2029    0000000000000000    0000    0
2030    0000000000000000    0000    0
2031    0000000000000000    0000    0
2032    0000000000000000    0000    0
2033    0000000000000000    0000    0
2034    0000000000000000    0000    0
2035    0000000000000000    0000    0
2036    0000000000000000    0000    0
2037    0000000000000000    0000    0
2038    0000000000000000    0000    0
2039    0000000000000000    0000    0
2040    0000000000000000    0000    0
2041    0000000000000000    0000    0
2042    0000000000000000    0000    0
2043    0000000000000000    0000    0
2044    0000000000000000    0000    0
2045    0000000000000000    0000    0
2046    0000000000000000    0000    0
2047    0000000000000000    0000    0
