11000 010 011 010 11 11 00
01011 110 011 010 00 00 00
01010 110 011 111 00 01 11
00110 110 000 010 00 00 00
10110 110 100 011 11 11 11
00000 000 011 001 11 11 11
00111 110 010 110 11 11 11
01000 110 001 011 11 11 11
01001 110 100 111 00 10 11
11000 001 010 010 11 11 00
11000 001 010 010 01 11 00
11000 001 010 111 01 11 11
10010 110 101 111 01 11 11
01110 110 000 011 11 11 11
01111 110 110 111 00 10 11
10010 110 010 110 11 11 11
10010 110 010 111 01 11 11
10010 110 010 100 11 11 01
10011 110 000 010 00 00 00
10100 110 010 110 11 11 11
00000 101 001 101 11 11 11
00000 000 111 111 11 11 10
10000 100 101 111 00 11 11
00000 111 111 111 11 11 11
10110 110 001 011 11 11 11
11000 011 001 010 11 11 00
10010 110 101 100 11 11 01
11010 110 001 010 11 11 11
00000 000 001 001 11 11 11
00000 111 111 111 11 11 11
00000 111 111 111 11 11 11
00000 111 111 111 11 11 11
